LP,R1,S1,P1,C1,H1,d1,D1,R2,S2,P2,C2,H2,d2,D2,R3,S3,P3,C3,H3,d3,D3,R4,S4,P4,C4,H4,d4,D4,T1,T2,T3,T4
0,1,0,0,0,0,0,0,1,0,0,0,0,0,0,1,0,0,0,0,0,0,1,0,0,0,0,0,0,2,4,3,5
1,2,0,0,0,0,0,0,0,0,0,0,0,0,0,2,0,0,0,0,0,0,2,0,0,0,0,0,0,,,,
2,4,0,0,0,0,0,0,0,0,0,0,0,0,0,3,0,0,0,0,0,0,3,0,0,0,0,0,0,,,,
3,7,0,0,0,0,0,0,0,0,0,0,0,0,0,5,0,0,0,0,0,0,5,0,0,0,0,0,0,,,,
4,7,0,0,0,0,0,0,0,0,0,0,0,0,0,8,0,0,0,0,0,0,5,0,0,0,0,0,0,,,,
5,11,0,0,0,0,0,0,0,0,0,0,0,0,0,12,0,0,0,0,0,0,8,0,0,0,0,0,0,,,,
6,0,0,0,0,0,0,0,0,0,0,0,0,0,0,12,0,0,0,0,0,0,2,2,0,0,0,0,0,,,,
7,0,0,0,0,0,0,0,0,0,0,0,0,0,0,12,0,0,0,0,0,0,4,0,1,0,0,0,0,,,,
8,0,0,0,0,0,0,0,0,0,0,0,0,0,0,19,0,0,0,0,0,0,0,0,1,0,0,0,0,,,,
9,1,0,0,0,0,0,0,0,0,0,0,0,0,0,29,0,0,0,0,0,0,0,0,1,0,0,0,0,,,,
10,2,0,0,0,0,0,0,0,0,0,0,0,0,0,44,0,0,0,0,0,0,0,0,1,0,0,0,0,,,,
11,3,0,0,0,0,0,0,0,0,0,0,0,0,0,0,0,0,0,0,0,0,1,0,1,0,0,0,0,,,,
12,5,0,0,0,0,0,0,0,0,0,0,0,0,0,0,0,0,0,0,0,0,1,0,0,0,0,0,0,,,,
13,8,0,0,0,0,0,0,0,0,0,0,0,0,0,0,1,0,0,0,0,0,2,0,0,0,0,0,0,,,,
14,12,0,0,0,0,0,0,1,0,0,0,0,0,0,0,1,0,0,0,0,0,0,0,0,0,0,0,0,,,,
15,18,0,0,0,0,0,0,2,0,0,0,0,0,0,1,1,0,0,0,0,0,1,0,0,0,0,0,0,,,,
16,18,0,0,0,0,0,0,2,0,0,0,0,0,0,1,1,0,0,0,0,0,2,0,0,0,0,0,0,,,,
17,27,0,0,0,0,0,0,3,0,0,0,0,0,0,1,1,0,0,0,0,0,4,0,0,0,0,0,0,,,,
18,41,0,0,0,0,0,0,3,0,0,0,0,0,0,2,0,0,0,0,0,0,7,0,0,0,0,0,0,,,,
19,52,1,0,0,0,0,0,3,0,0,0,0,0,0,2,0,0,0,0,0,0,1,1,0,0,0,0,0,,,,
20,58,2,1,0,0,0,0,0,0,0,0,0,0,0,3,0,0,0,0,0,0,1,2,0,0,0,0,0,,,,
21,60,3,2,0,0,0,0,0,0,0,0,0,0,0,3,0,0,0,0,0,0,1,0,1,0,0,0,0,,,,
22,60,3,3,0,0,0,0,0,0,0,0,0,0,0,3,0,0,0,0,0,0,0,0,2,0,0,0,0,,,,
23,60,0,0,0,0,0,0,0,0,0,0,0,0,0,4,0,0,0,0,0,0,0,0,2,0,0,0,0,,,,
24,60,0,1,0,0,0,0,0,1,0,0,0,0,0,4,0,0,0,0,0,0,0,0,2,0,0,0,0,,,,
25,60,1,1,0,0,0,0,0,0,0,0,0,1,0,0,0,0,0,0,0,0,0,0,2,0,0,0,0,,,,
26,64,1,3,0,0,0,0,0,0,0,0,0,1,0,0,0,0,0,0,0,0,0,0,2,0,0,0,0,,,,
27,52,2,4,0,0,0,0,0,0,0,0,0,1,0,0,0,0,0,0,0,0,0,0,2,0,0,0,0,,,,
28,64,2,1,1,0,0,0,0,0,0,0,0,1,0,0,1,0,0,0,0,0,0,0,2,0,0,0,0,,,,
29,64,3,2,1,0,0,0,0,0,0,0,0,1,0,0,1,0,0,0,0,0,0,0,3,0,0,0,0,,,,
30,2,2,1,1,1,0,0,0,0,0,0,0,1,0,0,1,0,0,0,0,0,0,0,3,0,0,0,0,,,,
